Time: 00:00:00:000
 0 0 0 0 0 0 0 0 0 0 0 0 0 0 0
 0 0 0 0 0 0 0 0 0 0 0 0 0 0 0
 0 0 0 0 0 0 0 0 0 0 0 0 0 0 0
 0 0 0 0 0 0 0 0 0 0 0 0 0 0 0
 0 0 0 0 0 0 0 0 0 0 0 0 0 0 0
 0 0 0 0 0 0 0 0 0 0 0 0 0 0 0
 0 0 0 0 0 0 0 0 0 0 0 0 0 0 0
 0 0 0 0 0 0 0 0 0 0 0 0 0 0 0
 0 0 0 0 0 0 0 0 0 0 0 0 0 0 0
 0 0 0 0 0 0 0 0 0 0 0 0 0 0 0
 0 0 0 0 0 0 0 0 0 0 0 0 0 0 0
 0 0 0 0 0 0 0 0 0 0 0 0 0 0 0
 0 0 0 0 0 0 0 0 0 0 0 0 0 0 0
 0 0 0 0 0 0 0 0 0 0 0 0 0 0 0
 0 0 0 0 0 0 0 0 0 0 0 0 0 0 0
Time: 00:00:00:100
 0 0 0 0 0 0 0 0 0 0 0 2 2 0 0
 0 0 0 0 0 0 0 0 0 0 0 0 0 0 0
 0 0 0 0 0 0 0 0 0 0 0 0 0 0 0
 0 0 0 0 0 0 0 0 0 0 0 0 0 0 0
 0 0 0 0 0 0 0 0 0 0 0 0 0 0 0
 0 0 0 0 0 0 0 0 0 0 0 0 0 0 0
 0 0 0 0 0 0 0 0 0 0 0 0 0 0 0
 0 0 0 0 0 0 0 0 0 0 0 0 0 0 0
 0 0 0 0 0 0 0 0 0 0 0 0 0 0 0
 0 0 0 0 0 0 0 0 0 0 0 0 0 0 0
 0 0 0 0 0 0 0 0 0 0 0 0 0 0 0
 0 0 0 0 0 0 0 0 0 0 0 0 0 0 0
 0 0 0 0 0 0 0 0 0 0 0 0 0 0 0
 0 0 0 0 0 0 0 0 0 0 0 0 0 0 0
 0 0 0 0 0 0 0 0 0 0 0 0 0 0 0
Time: 00:00:00:200
 0 0 0 0 0 0 0 0 0 0 1 2 2 1 0
 0 0 0 0 0 0 0 0 0 0 1 1 1 1 0
 0 0 0 0 0 0 0 0 0 0 0 0 0 0 0
 0 0 0 0 0 0 0 0 0 0 0 0 0 0 0
 0 0 0 0 0 0 0 0 0 0 0 0 0 0 0
 0 0 0 0 0 0 0 0 0 0 0 0 0 0 0
 0 0 0 0 0 0 0 0 0 0 0 0 0 0 0
 0 0 0 0 0 0 0 0 0 0 0 0 0 0 0
 0 0 0 0 0 0 0 0 0 0 0 0 0 0 0
 0 0 0 0 0 0 0 0 0 0 0 0 0 0 0
 0 0 0 0 0 0 0 0 0 0 0 0 0 0 0
 0 0 0 0 0 0 0 0 0 0 0 0 0 0 0
 0 0 0 0 0 0 0 0 0 0 0 0 0 0 0
 0 0 0 0 0 0 0 0 0 0 0 0 0 0 0
 0 0 0 0 0 0 0 0 0 0 0 0 0 0 0
Time: 00:00:00:300
 0 0 0 0 0 0 0 0 0 1 1 2 2 1 1
 0 0 0 0 0 0 0 0 0 1 0 2 2 0 1
 0 0 0 0 0 0 0 0 0 0 1 1 1 1 0
 0 0 0 0 0 0 0 0 0 0 0 0 0 0 0
 0 0 0 0 0 0 0 0 0 0 0 0 0 0 0
 0 0 0 0 0 0 0 0 0 0 0 0 0 0 0
 0 0 0 0 0 0 0 0 0 0 0 0 0 0 0
 0 0 0 0 0 0 0 0 0 0 0 0 0 0 0
 0 0 0 0 0 0 0 0 0 0 0 0 0 0 0
 0 0 0 0 0 0 0 0 0 0 0 0 0 0 0
 0 0 0 0 0 0 0 0 0 0 0 0 0 0 0
 0 0 0 0 0 0 0 0 0 0 0 0 0 0 0
 0 0 0 0 0 0 0 0 0 0 0 0 0 0 0
 0 0 0 0 0 0 0 0 0 0 0 0 0 0 0
 0 0 0 0 0 0 0 0 0 0 0 0 0 0 0
Time: 00:00:00:400
 0 0 0 0 0 0 0 0 1 0 1 2 2 1 1
 0 0 0 0 0 0 0 0 1 0 1 2 2 1 1
 0 0 0 0 0 0 0 0 0 1 0 0 0 0 1
 0 0 0 0 0 0 0 0 0 0 1 1 1 1 0
 0 0 0 0 0 0 0 0 0 0 0 0 0 0 0
 0 0 0 0 0 0 0 0 0 0 0 0 0 0 0
 0 0 0 0 0 0 0 0 0 0 0 0 0 0 0
 0 0 0 0 0 0 0 0 0 0 0 0 0 0 0
 0 0 0 0 0 0 0 0 0 0 0 0 0 0 0
 0 0 0 0 0 0 0 0 0 0 0 0 0 0 0
 0 0 0 0 0 0 0 0 0 0 0 0 0 0 0
 0 0 0 0 0 0 0 0 0 0 0 0 0 0 0
 0 0 0 0 0 0 0 0 0 0 0 0 0 0 0
 0 0 0 0 0 0 0 0 0 0 0 0 0 0 0
 0 0 0 0 0 0 0 0 0 0 0 0 0 0 0
Time: 00:00:00:500
 0 0 0 0 0 0 0 1 0 1 0 2 2 2 1
 0 0 0 0 0 0 0 1 0 1 0 1 1 2 1
 0 0 0 0 0 0 0 0 1 0 1 1 1 1 1
 0 0 0 0 0 0 0 0 0 1 0 0 0 0 1
 0 0 0 0 0 0 0 0 0 0 1 1 1 1 0
 0 0 0 0 0 0 0 0 0 0 0 0 0 0 0
 0 0 0 0 0 0 0 0 0 0 0 0 0 0 0
 0 0 0 0 0 0 0 0 0 0 0 0 0 0 0
 0 0 0 0 0 0 0 0 0 0 0 0 0 0 0
 0 0 0 0 0 0 0 0 0 0 0 0 0 0 0
 0 0 0 0 0 0 0 0 0 0 0 0 0 0 0
 0 0 0 0 0 0 0 0 0 0 0 0 0 0 0
 0 0 0 0 0 0 0 0 0 0 0 0 0 0 0
 0 0 0 0 0 0 0 0 0 0 0 0 0 0 0
 0 0 0 0 0 0 0 0 0 0 0 0 0 0 0
Time: 00:00:00:600
 0 0 0 0 0 0 1 0 1 0 1 2 2 2 0
 0 0 0 0 0 0 1 0 1 0 1 2 2 2 2
 0 0 0 0 0 0 0 1 0 1 0 0 2 2 2
 0 0 0 0 0 0 0 0 1 0 1 1 1 1 1
 0 0 0 0 0 0 0 0 0 1 0 0 0 0 1
 0 0 0 0 0 0 0 0 0 0 1 1 1 1 0
 0 0 0 0 0 0 0 0 0 0 0 0 0 0 0
 0 0 0 0 0 0 0 0 0 0 0 0 0 0 0
 0 0 0 0 0 0 0 0 0 0 0 0 0 0 0
 0 0 0 0 0 0 0 0 0 0 0 0 0 0 0
 0 0 0 0 0 0 0 0 0 0 0 0 0 0 0
 0 0 0 0 0 0 0 0 0 0 0 0 0 0 0
 0 0 0 0 0 0 0 0 0 0 0 0 0 0 0
 0 0 0 0 0 0 0 0 0 0 0 0 0 0 0
 0 0 0 0 0 0 0 0 0 0 0 0 0 0 0
Time: 00:00:00:700
 0 0 0 0 0 1 0 1 0 1 0 2 2 2 1
 0 0 0 0 0 1 0 1 0 1 0 1 2 2 2
 0 0 0 0 0 0 1 0 1 0 1 1 2 2 2
 0 0 0 0 0 0 0 1 0 1 0 0 0 2 1
 0 0 0 0 0 0 0 0 1 0 1 1 1 1 1
 0 0 0 0 0 0 0 0 0 1 0 0 0 0 1
 0 0 0 0 0 0 0 0 0 0 1 1 1 1 0
 0 0 0 0 0 0 0 0 0 0 0 0 0 0 0
 0 0 0 0 0 0 0 0 0 0 0 0 0 0 0
 0 0 0 0 0 0 0 0 0 0 0 0 0 0 0
 0 0 0 0 0 0 0 0 0 0 0 0 0 0 0
 0 0 0 0 0 0 0 0 0 0 0 0 0 0 0
 0 0 0 0 0 0 0 0 0 0 0 0 0 0 0
 0 0 0 0 0 0 0 0 0 0 0 0 0 0 0
 0 0 0 0 0 0 0 0 0 0 0 0 0 0 0
Time: 00:00:00:800
 0 0 0 0 1 0 1 0 1 0 1 2 2 2 0
 0 0 0 0 1 0 1 0 1 0 1 1 2 2 2
 0 0 0 0 0 1 0 1 0 1 0 0 1 2 2
 0 0 0 0 0 0 1 0 1 0 1 1 1 2 1
 0 0 0 0 0 0 0 1 0 1 0 0 0 2 2
 0 0 0 0 0 0 0 0 1 0 1 1 1 1 1
 0 0 0 0 0 0 0 0 0 1 0 0 0 0 1
 0 0 0 0 0 0 0 0 0 0 1 1 1 1 0
 0 0 0 0 0 0 0 0 0 0 0 0 0 0 0
 0 0 0 0 0 0 0 0 0 0 0 0 0 0 0
 0 0 0 0 0 0 0 0 0 0 0 0 0 0 0
 0 0 0 0 0 0 0 0 0 0 0 0 0 0 0
 0 0 0 0 0 0 0 0 0 0 0 0 0 0 0
 0 0 0 0 0 0 0 0 0 0 0 0 0 0 0
 0 0 0 0 0 0 0 0 0 0 0 0 0 0 0
Time: 00:00:00:900
 0 0 0 1 0 1 0 1 0 1 1 2 2 2 1
 0 0 0 1 0 1 0 1 0 1 2 2 2 2 2
 0 0 0 0 1 0 1 0 1 0 1 1 2 2 2
 0 0 0 0 0 1 0 1 0 1 0 0 0 2 0
 0 0 0 0 0 0 1 0 1 0 1 1 1 2 2
 0 0 0 0 0 0 0 1 0 1 0 0 0 2 1
 0 0 0 0 0 0 0 0 1 0 1 1 1 1 1
 0 0 0 0 0 0 0 0 0 1 0 0 0 0 1
 0 0 0 0 0 0 0 0 0 0 1 1 1 1 0
 0 0 0 0 0 0 0 0 0 0 0 0 0 0 0
 0 0 0 0 0 0 0 0 0 0 0 0 0 0 0
 0 0 0 0 0 0 0 0 0 0 0 0 0 0 0
 0 0 0 0 0 0 0 0 0 0 0 0 0 0 0
 0 0 0 0 0 0 0 0 0 0 0 0 0 0 0
 0 0 0 0 0 0 0 0 0 0 0 0 0 0 0
Time: 00:00:01:000
 0 0 1 0 1 0 1 0 1 1 1 2 2 2 0
 0 0 1 0 1 0 1 0 1 2 2 2 2 2 2
 0 0 0 1 0 1 0 1 0 1 2 0 1 1 2
 0 0 0 0 1 0 1 0 1 0 1 1 1 1 1
 0 0 0 0 0 1 0 1 0 1 0 0 0 1 2
 0 0 0 0 0 0 1 0 1 0 1 1 1 2 1
 0 0 0 0 0 0 0 1 0 1 0 0 0 2 2
 0 0 0 0 0 0 0 0 1 0 1 1 1 1 1
 0 0 0 0 0 0 0 0 0 1 0 0 0 0 1
 0 0 0 0 0 0 0 0 0 0 1 1 1 1 0
 0 0 0 0 0 0 0 0 0 0 0 0 0 0 0
 0 0 0 0 0 0 0 0 0 0 0 0 0 0 0
 0 0 0 0 0 0 0 0 0 0 0 0 0 0 0
 0 0 0 0 0 0 0 0 0 0 0 0 0 0 0
 0 0 0 0 0 0 0 0 0 0 0 0 0 0 0
Time: 00:00:01:100
 0 1 0 1 0 1 0 1 1 2 0 2 2 2 1
 0 1 0 1 0 1 0 1 2 2 2 2 2 2 2
 0 0 1 0 1 0 1 0 1 2 1 1 2 2 2
 0 0 0 1 0 1 0 1 0 1 2 2 0 2 2
 0 0 0 0 1 0 1 0 1 0 1 1 1 2 2
 0 0 0 0 0 1 0 1 0 1 0 0 0 1 0
 0 0 0 0 0 0 1 0 1 0 1 1 1 2 2
 0 0 0 0 0 0 0 1 0 1 0 0 0 2 1
 0 0 0 0 0 0 0 0 1 0 1 1 1 1 1
 0 0 0 0 0 0 0 0 0 1 0 0 0 0 1
 0 0 0 0 0 0 0 0 0 0 1 1 1 1 0
 0 0 0 0 0 0 0 0 0 0 0 0 0 0 0
 0 0 0 0 0 0 0 0 0 0 0 0 0 0 0
 0 0 0 0 0 0 0 0 0 0 0 0 0 0 0
 0 0 0 0 0 0 0 0 0 0 0 0 0 0 0
Time: 00:00:01:200
 1 0 1 0 1 0 1 1 1 2 1 2 2 2 0
 1 0 1 0 1 0 1 2 2 2 2 2 2 2 2
 0 1 0 1 0 1 0 1 2 2 1 0 2 2 2
 0 0 1 0 1 0 1 0 1 2 2 2 1 2 2
 0 0 0 1 0 1 0 1 0 1 2 0 0 1 2
 0 0 0 0 1 0 1 0 1 0 1 1 1 1 1
 0 0 0 0 0 1 0 1 0 1 0 0 0 1 2
 0 0 0 0 0 0 1 0 1 0 1 1 1 2 1
 0 0 0 0 0 0 0 1 0 1 0 0 0 2 2
 0 0 0 0 0 0 0 0 1 0 1 1 1 1 1
 0 0 0 0 0 0 0 0 0 1 0 0 0 0 1
 0 0 0 0 0 0 0 0 0 0 1 1 1 1 0
 0 0 0 0 0 0 0 0 0 0 0 0 0 0 0
 0 0 0 0 0 0 0 0 0 0 0 0 0 0 0
 0 0 0 0 0 0 0 0 0 0 0 0 0 0 0
Time: 00:00:01:300
 0 1 0 1 0 1 1 2 0 2 0 2 2 2 1
 0 1 0 1 0 1 2 2 2 2 2 2 2 2 2
 1 0 1 0 1 0 1 2 2 2 0 1 2 2 2
 0 1 0 1 0 1 0 1 2 2 1 1 0 2 2
 0 0 1 0 1 0 1 0 1 2 1 1 1 2 2
 0 0 0 1 0 1 0 1 0 1 2 0 0 2 2
 0 0 0 0 1 0 1 0 1 0 1 1 1 2 2
 0 0 0 0 0 1 0 1 0 1 0 0 0 1 0
 0 0 0 0 0 0 1 0 1 0 1 1 1 2 2
 0 0 0 0 0 0 0 1 0 1 0 0 0 2 1
 0 0 0 0 0 0 0 0 1 0 1 1 1 1 1
 0 0 0 0 0 0 0 0 0 1 0 0 0 0 1
 0 0 0 0 0 0 0 0 0 0 1 1 1 1 0
 0 0 0 0 0 0 0 0 0 0 0 0 0 0 0
 0 0 0 0 0 0 0 0 0 0 0 0 0 0 0
Time: 00:00:01:400
 1 0 1 0 1 1 1 2 1 1 1 2 2 2 0
 1 0 1 0 1 2 2 2 2 1 1 1 2 2 2
 0 1 0 1 0 1 2 2 2 2 1 1 2 2 2
 1 0 1 0 1 0 1 2 2 2 2 2 1 2 2
 0 1 0 1 0 1 0 1 2 2 2 2 0 1 2
 0 0 1 0 1 0 1 0 1 2 1 1 1 2 2
 0 0 0 1 0 1 0 1 0 1 2 0 0 1 2
 0 0 0 0 1 0 1 0 1 0 1 1 1 1 1
 0 0 0 0 0 1 0 1 0 1 0 0 0 1 2
 0 0 0 0 0 0 1 0 1 0 1 1 1 2 1
 0 0 0 0 0 0 0 1 0 1 0 0 0 2 2
 0 0 0 0 0 0 0 0 1 0 1 1 1 1 1
 0 0 0 0 0 0 0 0 0 1 0 0 0 0 1
 0 0 0 0 0 0 0 0 0 0 1 1 1 1 0
 0 0 0 0 0 0 0 0 0 0 0 0 0 0 0
Time: 00:00:01:500
 0 1 0 1 1 2 0 2 1 2 2 2 2 2 1
 0 1 0 1 2 2 2 2 2 2 2 2 2 2 2
 1 0 1 0 1 2 2 2 2 2 2 2 2 2 2
 0 1 0 1 0 1 2 2 2 2 2 2 1 2 2
 1 0 1 0 1 0 1 2 2 2 2 2 1 1 2
 0 1 0 1 0 1 0 1 2 2 1 0 2 1 2
 0 0 1 0 1 0 1 0 1 2 1 1 1 2 2
 0 0 0 1 0 1 0 1 0 1 2 0 0 2 2
 0 0 0 0 1 0 1 0 1 0 1 1 1 2 2
 0 0 0 0 0 1 0 1 0 1 0 0 0 1 0
 0 0 0 0 0 0 1 0 1 0 1 1 1 2 2
 0 0 0 0 0 0 0 1 0 1 0 0 0 2 1
 0 0 0 0 0 0 0 0 1 0 1 1 1 1 1
 0 0 0 0 0 0 0 0 0 1 0 0 0 0 1
 0 0 0 0 0 0 0 0 0 0 1 1 1 1 0
Time: 00:00:01:600
 1 0 1 1 1 2 1 2 0 2 2 2 2 2 0
 1 0 1 2 2 2 2 2 2 2 2 2 2 2 2
 0 1 0 1 2 2 2 2 2 2 2 2 2 2 2
 1 0 1 0 1 2 2 2 2 2 2 2 1 2 2
 0 1 0 1 0 1 2 2 2 2 2 2 2 2 2
 1 0 1 0 1 0 1 2 2 2 1 1 2 2 2
 0 1 0 1 0 1 0 1 2 2 2 2 0 2 2
 0 0 1 0 1 0 1 0 1 2 1 1 1 2 2
 0 0 0 1 0 1 0 1 0 1 2 0 0 1 2
 0 0 0 0 1 0 1 0 1 0 1 1 1 1 1
 0 0 0 0 0 1 0 1 0 1 0 0 0 1 2
 0 0 0 0 0 0 1 0 1 0 1 1 1 2 1
 0 0 0 0 0 0 0 1 0 1 0 0 0 2 2
 0 0 0 0 0 0 0 0 1 0 1 1 1 1 1
 0 0 0 0 0 0 0 0 0 1 0 0 0 0 1
Time: 00:00:01:700
 0 1 1 2 0 2 0 2 1 2 2 2 2 2 1
 0 1 2 2 2 2 2 2 2 2 2 2 2 2 2
 1 0 1 2 2 2 2 2 2 2 2 2 2 2 2
 0 1 0 1 2 2 2 2 2 2 2 2 0 2 2
 1 0 1 0 1 2 2 2 2 2 2 2 2 2 2
 0 1 0 1 0 1 2 2 2 2 0 0 2 2 2
 1 0 1 0 1 0 1 2 2 2 2 2 1 2 2
 0 1 0 1 0 1 0 1 2 2 1 0 0 1 2
 0 0 1 0 1 0 1 0 1 2 1 1 1 2 2
 0 0 0 1 0 1 0 1 0 1 2 0 0 2 2
 0 0 0 0 1 0 1 0 1 0 1 1 1 2 2
 0 0 0 0 0 1 0 1 0 1 0 0 0 1 0
 0 0 0 0 0 0 1 0 1 0 1 1 1 2 2
 0 0 0 0 0 0 0 1 0 1 0 0 0 2 1
 0 0 0 0 0 0 0 0 1 0 1 1 1 1 1
Time: 00:00:01:800
 1 1 1 2 1 1 1 2 0 2 2 2 2 2 0
 1 2 2 2 2 1 2 2 2 2 2 2 2 2 2
 0 1 2 2 2 2 2 2 2 2 2 2 2 2 2
 1 0 1 2 2 2 2 2 2 2 2 2 1 2 2
 0 1 0 1 2 2 2 2 2 2 1 1 1 2 2
 1 0 1 0 1 2 2 2 2 2 1 1 2 2 2
 0 1 0 1 0 1 2 2 2 2 1 1 0 2 2
 1 0 1 0 1 0 1 2 2 2 1 1 1 1 2
 0 1 0 1 0 1 0 1 2 2 2 2 0 1 2
 0 0 1 0 1 0 1 0 1 2 1 1 1 2 2
 0 0 0 1 0 1 0 1 0 1 2 0 0 1 2
 0 0 0 0 1 0 1 0 1 0 1 1 1 1 1
 0 0 0 0 0 1 0 1 0 1 0 0 0 1 2
 0 0 0 0 0 0 1 0 1 0 1 1 1 2 1
 0 0 0 0 0 0 0 1 0 1 0 0 1 2 1
Time: 00:00:01:900
 1 2 0 2 1 2 1 2 1 2 2 2 2 2 1
 2 2 2 2 2 2 2 2 2 2 2 2 2 2 2
 1 2 2 2 2 2 2 2 2 2 2 2 2 2 2
 0 1 2 2 2 2 2 2 2 2 2 2 1 2 2
 1 0 1 2 2 2 2 2 2 2 2 2 2 2 2
 0 1 0 1 2 2 2 2 2 2 2 2 2 2 2
 1 0 1 0 1 2 2 2 2 2 2 2 1 2 2
 0 1 0 1 0 1 2 2 2 2 2 2 2 1 2
 1 0 1 0 1 0 1 2 2 2 2 2 1 2 2
 0 1 0 1 0 1 0 1 2 2 1 0 2 1 2
 0 0 1 0 1 0 1 0 1 2 1 1 1 2 2
 0 0 0 1 0 1 0 1 0 1 2 0 0 2 2
 0 0 0 0 1 0 1 0 1 0 1 1 1 2 2
 0 0 0 0 0 1 0 1 0 1 0 0 2 2 1
 0 0 0 0 0 0 1 0 1 0 1 1 1 2 0
Time: 00:00:02:000
 0 2 1 2 0 2 0 2 0 2 2 2 2 2 0
 2 2 2 2 2 2 2 2 2 2 2 2 2 2 2
 0 2 2 2 2 2 2 2 2 2 2 2 2 2 2
 1 2 2 2 2 2 2 2 2 2 2 2 0 2 2
 0 1 2 2 2 2 2 2 2 2 2 2 2 2 2
 1 0 1 2 2 2 2 2 2 2 2 2 2 2 2
 0 1 0 1 2 2 2 2 2 2 2 2 0 2 2
 1 0 1 0 1 2 2 2 2 2 2 2 2 1 2
 0 1 0 1 0 1 2 2 2 2 2 2 1 2 2
 1 0 1 0 1 0 1 2 2 2 1 1 2 1 2
 0 1 0 1 0 1 0 1 2 2 2 2 0 2 2
 0 0 1 0 1 0 1 0 1 2 1 1 1 2 2
 0 0 0 1 0 1 0 1 0 1 2 0 0 2 2
 0 0 0 0 1 0 1 0 1 0 1 1 2 2 0
 0 0 0 0 0 1 0 1 0 1 0 1 0 2 1
Time: 00:00:02:100
 1 2 0 2 1 1 1 1 1 2 2 2 2 2 1
 1 1 2 2 2 1 2 1 2 2 2 2 2 2 2
 1 2 2 2 2 2 2 2 2 2 2 2 2 2 2
 0 1 2 2 2 2 2 2 2 2 2 2 1 2 2
 1 2 2 2 2 2 2 2 2 2 2 2 2 2 2
 0 1 2 2 2 2 2 2 2 2 2 2 2 2 2
 1 0 1 2 2 2 2 2 2 2 2 2 1 2 2
 0 1 0 1 2 2 2 2 2 2 2 2 2 0 2
 1 0 1 0 1 2 2 2 2 2 2 2 2 2 2
 0 1 0 1 0 1 2 2 2 2 0 1 2 0 2
 1 0 1 0 1 0 1 2 2 2 2 2 1 2 2
 0 1 0 1 0 1 0 1 2 2 1 0 0 1 2
 0 0 1 0 1 0 1 0 1 2 1 1 1 1 2
 0 0 0 1 0 1 0 1 0 1 2 0 1 1 1
 0 0 0 0 1 0 1 0 1 0 1 1 1 1 0
Time: 00:00:02:200
 1 2 1 2 1 2 2 2 1 2 2 2 2 2 0
 2 2 2 2 2 2 2 2 2 2 2 2 2 2 2
 2 2 2 2 2 2 2 2 2 2 2 2 2 2 2
 1 1 2 2 2 2 2 2 2 2 2 2 0 2 2
 1 1 2 2 2 2 2 2 2 2 2 2 2 2 2
 1 2 2 2 2 2 2 2 2 2 2 2 2 2 2
 0 1 2 2 2 2 2 2 2 2 2 2 0 2 2
 1 0 1 2 2 2 2 2 2 2 2 2 2 1 2
 0 1 0 1 2 2 2 2 2 2 2 2 1 1 1
 1 0 1 0 1 2 2 2 2 2 1 0 2 1 2
 0 1 0 1 0 1 2 2 2 2 1 1 0 1 2
 1 0 1 0 1 0 1 2 2 2 1 1 1 2 2
 0 1 0 1 0 1 0 1 2 2 2 2 0 2 2
 0 0 1 0 1 0 1 0 1 2 1 1 1 2 2
 0 0 0 1 0 1 0 1 0 1 1 2 1 1 1
Time: 00:00:02:300
 0 2 0 2 0 2 2 2 0 2 2 2 2 2 1
 2 2 2 2 2 2 2 2 2 2 2 2 2 2 2
 2 2 2 2 2 2 2 2 2 2 2 2 2 2 2
 2 2 2 2 2 2 2 2 2 2 2 2 1 2 2
 2 2 2 2 2 2 2 2 2 2 2 2 2 2 2
 2 2 2 2 2 2 2 2 2 2 2 2 2 2 2
 1 2 2 2 2 2 2 2 2 2 2 2 1 2 2
 0 1 2 2 2 2 2 2 2 2 2 2 2 2 2
 1 0 1 2 2 2 2 2 2 2 2 2 2 2 2
 0 1 0 1 2 2 2 2 2 2 1 1 1 2 2
 1 0 1 0 1 2 2 2 2 2 2 2 1 1 2
 0 1 0 1 0 1 2 2 2 2 2 2 2 1 2
 1 0 1 0 1 0 1 2 2 2 2 2 1 2 2
 0 1 0 1 0 1 0 1 2 2 2 2 2 2 2
 0 0 1 0 1 0 1 0 1 2 2 2 2 2 0
Time: 00:00:02:400
 1 1 1 1 1 2 2 2 1 2 2 2 2 2 0
 2 1 2 1 2 2 2 2 2 2 2 2 2 2 2
 2 2 2 2 2 2 2 2 2 2 2 2 2 2 2
 2 2 2 2 2 2 2 2 2 2 2 2 0 2 2
 2 2 2 2 2 2 2 2 2 2 2 2 2 2 2
 2 2 2 2 2 2 2 2 2 2 2 2 2 2 2
 0 2 2 2 2 2 2 2 2 2 2 2 0 2 2
 1 2 2 2 2 2 2 2 2 2 2 2 2 2 2
 0 1 2 2 2 2 2 2 2 2 2 2 2 2 2
 1 0 1 2 2 2 2 2 2 2 0 2 2 2 2
 0 1 0 1 2 2 2 2 2 2 2 2 2 2 2
 1 0 1 0 1 2 2 2 2 2 2 2 2 2 2
 0 1 0 1 0 1 2 2 2 2 2 2 0 2 2
 1 0 1 0 1 0 1 2 2 2 2 2 2 2 2
 0 1 0 1 0 1 0 1 0 2 2 2 2 2 1
Time: 00:00:02:500
 1 2 2 2 1 2 2 2 0 2 2 2 2 2 1
 2 2 2 2 2 2 2 2 2 2 2 2 2 2 2
 2 2 2 2 2 2 2 2 2 2 2 2 2 2 2
 2 2 2 2 2 2 2 2 2 2 2 2 1 2 2
 2 2 2 2 2 2 2 2 2 2 2 2 2 2 2
 2 2 2 2 2 2 2 2 2 2 2 2 2 2 2
 1 2 2 2 2 2 2 2 2 2 2 2 1 2 2
 0 1 2 2 2 2 2 2 2 2 2 2 2 2 2
 1 2 2 2 2 2 2 2 2 2 2 2 2 2 2
 0 1 2 2 2 2 2 2 2 2 1 2 2 2 2
 1 0 1 2 2 2 2 2 2 2 2 2 2 2 2
 0 1 0 1 2 2 2 2 2 2 2 2 2 2 2
 1 0 1 0 1 2 2 2 2 2 2 2 1 2 2
 0 1 0 1 0 1 2 1 2 2 2 2 2 2 2
 1 0 1 0 1 0 1 0 1 2 2 2 2 2 0
Time: 00:00:02:600
 0 2 2 2 0 2 2 2 1 2 2 2 2 2 0
 2 2 2 2 2 2 2 2 2 2 2 2 2 2 2
 2 2 2 2 2 2 2 2 2 2 2 2 2 2 2
 2 2 2 2 2 2 2 2 2 2 2 2 0 2 2
 2 2 2 2 2 2 2 2 2 2 2 2 2 2 2
 2 2 2 2 2 2 2 2 2 2 2 2 2 2 2
 0 2 2 2 2 2 2 2 2 2 2 2 0 2 2
 1 1 2 2 2 2 2 2 2 2 2 2 2 2 2
 1 1 2 2 2 2 2 2 2 2 2 2 2 2 2
 1 2 2 2 2 2 2 2 2 2 0 2 2 2 2
 0 1 2 2 2 2 2 2 2 2 2 2 2 2 2
 1 0 1 2 2 2 2 2 2 2 2 2 2 2 2
 0 1 0 1 2 2 2 2 2 2 2 2 0 2 2
 1 0 1 0 1 2 1 1 2 2 2 2 2 2 2
 0 1 0 1 0 1 1 1 0 2 2 2 2 2 1
Time: 00:00:02:700
 1 2 2 2 1 2 2 2 0 2 2 2 2 2 1
 2 2 2 2 2 2 2 2 2 2 2 2 2 2 2
 2 2 2 2 2 2 2 2 2 2 2 2 2 2 2
 2 2 2 2 2 2 2 2 2 2 2 2 1 2 2
 2 2 2 2 2 2 2 2 2 2 2 2 2 2 2
 2 2 2 2 2 2 2 2 2 2 2 2 2 2 2
 1 2 2 2 2 2 2 2 2 2 2 2 1 2 2
 2 2 2 2 2 2 2 2 2 2 2 2 2 2 2
 2 2 2 2 2 2 2 2 2 2 2 2 2 2 2
 2 2 2 2 2 2 2 2 2 2 1 2 2 2 2
 1 2 2 2 2 2 2 2 2 2 2 2 2 2 2
 0 1 2 2 2 2 2 2 2 2 2 2 2 2 2
 1 0 1 2 2 2 2 2 2 2 2 2 1 2 2
 0 1 0 1 2 2 2 2 2 2 2 2 2 2 2
 1 0 1 0 1 2 2 2 1 2 2 2 2 2 0
Time: 00:00:02:800
 0 2 2 2 0 2 2 2 1 2 2 2 2 2 0
 2 2 2 2 2 2 2 2 2 2 2 2 2 2 2
 2 2 2 2 2 2 2 2 2 2 2 2 2 2 2
 2 2 2 2 2 2 2 2 2 2 2 2 0 2 2
 2 2 2 2 2 2 2 2 2 2 2 2 2 2 2
 2 2 2 2 2 2 2 2 2 2 2 2 2 2 2
 0 2 2 2 2 2 2 2 2 2 2 2 0 2 2
 2 2 2 2 2 2 2 2 2 2 2 2 2 2 2
 2 2 2 2 2 2 2 2 2 2 2 2 2 2 2
 2 2 2 2 2 2 2 2 2 2 0 2 2 2 2
 0 2 2 2 2 2 2 2 2 2 2 2 2 2 2
 1 2 2 2 2 2 2 2 2 2 2 2 2 2 2
 0 1 2 2 2 2 2 2 2 2 2 2 0 2 2
 1 0 1 2 2 2 2 2 2 2 2 2 2 2 2
 0 1 0 1 0 2 2 2 0 2 2 2 2 2 1
Time: 00:00:02:900
 1 2 2 2 1 2 2 2 0 2 2 2 2 2 1
 2 2 2 2 2 2 2 2 2 2 2 2 2 2 2
 2 2 2 2 2 2 2 2 2 2 2 2 2 2 2
 2 2 2 2 2 2 2 2 2 2 2 2 1 2 2
 2 2 2 2 2 2 2 2 2 2 2 2 2 2 2
 2 2 2 2 2 2 2 2 2 2 2 2 2 2 2
 1 2 2 2 2 2 2 2 2 2 2 2 1 2 2
 2 2 2 2 2 2 2 2 2 2 2 2 2 2 2
 2 2 2 2 2 2 2 2 2 2 2 2 2 2 2
 2 2 2 2 2 2 2 2 2 2 1 2 2 2 2
 1 2 2 2 2 2 2 2 2 2 2 2 2 2 2
 0 1 2 2 2 2 2 2 2 2 2 2 2 2 2
 1 2 2 2 2 2 2 2 2 2 2 2 1 2 2
 0 1 2 1 2 2 2 2 2 2 2 2 2 2 2
 1 0 1 0 1 2 2 2 1 2 2 2 2 2 0
Time: 00:00:03:000
 0 2 2 2 0 2 2 2 1 2 2 2 2 2 0
 2 2 2 2 2 2 2 2 2 2 2 2 2 2 2
 2 2 2 2 2 2 2 2 2 2 2 2 2 2 2
 2 2 2 2 2 2 2 2 2 2 2 2 0 2 2
 2 2 2 2 2 2 2 2 2 2 2 2 2 2 2
 2 2 2 2 2 2 2 2 2 2 2 2 2 2 2
 0 2 2 2 2 2 2 2 2 2 2 2 0 2 2
 2 2 2 2 2 2 2 2 2 2 2 2 2 2 2
 2 2 2 2 2 2 2 2 2 2 2 2 2 2 2
 2 2 2 2 2 2 2 2 2 2 0 2 2 2 2
 0 2 2 2 2 2 2 2 2 2 2 2 2 2 2
 1 1 2 2 2 2 2 2 2 2 2 2 2 2 2
 1 1 2 2 2 2 2 2 2 2 2 2 0 2 2
 1 2 1 1 2 2 2 2 2 2 2 2 2 2 2
 0 1 1 1 0 2 2 2 0 2 2 2 2 2 1
